1  0 0.5 0
2  0 3.5 0 
3  2 0.5 0
4  2 3.5 0
5  0 0.5 1
6  0 3.5 1
7  2 0.5 1
8  2 3.5 1
9  0.5 1.5 1
10  0.5 2.5 1
11  1.5 1.5 1
12  1.5 2.5 1
13  0.5 1.5 3
14  0.5 2.5 3
15  1.5 1.5 3
16  1.5 2.5 3
17  1.3 1.9 3
18  1.3 2.1 3
19  1.7 1.9 3
20  1.7 2.1 3
21  1.3 1.9 3.5
22  1.3 2.1 3.5
23  1.7 1.9 3.5
24  1.7 2.1 3.5
25  1.7 0.9 2.3
26  1.7 3.1 2.3
27  1.7 0.9 4.7
28  1.7 3.1 4.7
29  1.7 2 3.5
30  1.7 2.9 2
31  1.7 3.3 2.6
32  1.7 1 1.9
33  1.7 0.8 2.6
34  1.7 0.6 4.4
35  1.7 1.1 4.9
36  1.7 3.4 4.5
37  1.7 2.8 4.9
Faces:
1 2.
3 4.
5 6.
7 8.
1 3.
2 4.
5 7.
6 8.
1 5.
2 6.
3 7.
4 8.
9 10.
11 12.
9 11.
10 12.
13 14.
15 16.
13 15.
14 16.
9 13.
10 14.
11 15.
12 16.
17 18.
19 20.
17 19.
18 20.
21 22.
23 24.
21 23.
22 24.
17 21.
18 22.
19 23.
20 24.
25 28.
26 27.
29 30.
29 31.
30 31.
29 32.
29 33.
32 33.
29 34.
29 35.
34 35.
29 36.
29 37.
36 37.










